cluster	gene	avg_log2FC	pct.1	pct.2	p_val_adj
0	Slc12a3	3.66630995097991	0.997	0.204	0
0	Il17re	-0.886743769456339	0.037	0.054	0.0439799097820348
0	Trpv5	-2.98778529127667	0.01	0.039	8.17717042546895e-19
0	Ace	-3.1951932045359	0.004	0.026	8.230761121745e-14
0	Cox6a2	-3.7318400623857	0.003	0.006	0.671236399836333
0	Plvap	-3.88431619988696	0.001	0.007	0.373226012093431
0	Mki67	-4.19906927209448	0.003	0.036	7.5461973557655e-26
0	Slc12a1	-4.29771120644189	0.034	0.112	2.52106965446961e-94
0	Atp6v0d2	-4.43374939441812	0.011	0.087	2.15125839960094e-71
0	Hmx2	-4.59367491183727	0.009	0.051	1.84753078003818e-35
0	Aqp2	-4.87198081360808	0.019	0.073	1.54961260915392e-47
0	Cd300c	-5.1739481423922	0	0.003	1
0	Aqp6	-5.57481001838033	0.005	0.044	5.66995737371088e-38
0	Nphs2	-5.78907003143923	0.001	0.006	0.0132531518144074
0	Foxp3	-6.26279955454959	0	0.005	0.0185122691221391
0	Kdr	-6.37790655154915	0.002	0.048	4.0540739516729e-46
0	Fcer1a	-6.41798711187075	0	0.003	1
0	Cd200r3	-6.68515308897643	0	0.005	0.0185122691161355
0	Mcpt8	-6.76173210520284	0	0.002	1
0	Tcf7	-6.88251203266555	0.002	0.098	2.38407817865073e-107
0	Cd79a	-6.93459988251473	0.001	0.016	1.46365111415947e-13
0	Tnfrsf18	-7.01779779860671	0.001	0.064	6.0182548499967e-70
0	Clec10a	-7.26363813730523	0	0.012	1.82296810680609e-11
0	Siglech	-7.77380553851739	0	0.006	0.000816432174978833
0	Cd209a	-7.86303327570324	0	0.009	8.31597875956986e-08
0	Emcn	-7.96154774882416	0.002	0.056	1.62197074313257e-57
0	Ms4a1	-8.50990731685702	0	0.01	2.28584530205947e-09
0	Ccr6	-8.54785020908345	0	0.023	4.44153832763821e-24
0	C1qa	-8.69537303306138	0	0.016	1.71131087967047e-13
0	Lef1	-8.9121231616398	0.001	0.076	7.7938171658003e-87
0	Nkg7	-9.22319749620189	0.003	0.182	2.40452276244756e-219
0	Cd8a	-9.31974485975641	0	0.057	3.56492790758968e-63
0	Cd4	-9.61059179652089	0	0.05	1.18796370487623e-57
0	Gzma	-9.64274782549715	0.001	0.064	1.24085148048082e-68
0	Ccl5	-9.64348737726868	0.013	0.191	7.08357718738014e-205
1	Slc12a1	7.55820827480883	0.897	0.024	0
1	Il17re	1.35155606967131	0.1	0.047	3.08818987731797e-21
1	Atp6v0d2	-2.30604748222599	0.031	0.083	2.59860043453858e-28
1	Ace	-2.61269436906077	0.004	0.026	2.72722535006868e-09
1	Hmx2	-3.29904316380093	0.009	0.05	6.79905767808668e-21
1	Trpv5	-3.36489525231948	0.003	0.039	2.11154511843329e-23
1	Plvap	-3.52810372057878	0.001	0.007	1
1	Cox6a2	-3.66958561515849	0.002	0.006	1
1	Slc12a3	-4.16828291298559	0.096	0.314	2.37001775909139e-195
1	Mki67	-4.22335167643183	0.003	0.035	6.53900111078537e-20
1	Aqp2	-4.39451070954085	0.016	0.072	1.69800783315716e-32
1	Cd300c	-4.80104623449504	0	0.003	1
1	C1qa	-4.90424487537456	0.002	0.015	1.173582250163e-05
1	Aqp6	-5.39908406898587	0.004	0.043	9.18848679141911e-28
1	Emcn	-5.45981428274631	0.003	0.054	1.54675039058615e-38
1	Tcf7	-5.66384142336914	0.002	0.095	2.10525667303655e-80
1	Foxp3	-5.88989764665243	0	0.004	0.30508763607526
1	Kdr	-5.91662765410284	0.003	0.047	3.36223179159783e-34
1	Fcer1a	-6.04508520397359	0	0.003	1
1	Cd200r3	-6.31225118107927	0	0.004	0.305087635941347
1	Mcpt8	-6.38883019730568	0	0.002	1
1	Cd209a	-6.45072379195677	0	0.009	0.000953557327995082
1	Cd8a	-6.67489264773059	0.002	0.055	3.22170004096391e-44
1	Clec10a	-6.89073622940807	0	0.012	2.53490464606383e-08
1	Nkg7	-6.95251326746769	0.007	0.177	3.85961982538888e-157
1	Ccl5	-7.27636391629089	0.022	0.186	3.02009584300261e-141
1	Siglech	-7.40090363062023	0	0.006	0.026092546237715
1	Gzma	-7.64142796455551	0.005	0.062	2.51498248386124e-47
1	Lef1	-8.05903377029445	0	0.074	9.93884852394717e-67
1	Ms4a1	-8.13700540895986	0	0.01	1.12526160256164e-06
1	Ccr6	-8.17494830118629	0	0.022	3.25746168959246e-18
1	Nphs2	-8.76145380391306	0	0.006	0.0194413837362625
1	Cd79a	-9.23539623990144	0	0.016	2.72077080772143e-12
1	Cd4	-9.23768988862373	0	0.049	1.66680202977571e-44
1	Tnfrsf18	-9.62440018665431	0	0.063	1.50790698834835e-58
10	Cd8a	4.9696421397702	0.556	0.026	0
10	Ccl5	4.24651462008175	0.986	0.131	0
10	Nkg7	3.43022891639366	0.98	0.122	0
10	Gzma	2.11703533374055	0.375	0.042	1.61063298318365e-260
10	Lef1	1.03890126893633	0.154	0.064	2.04711983964001e-21
10	Tnfrsf18	0.827899558160696	0.106	0.055	4.06712061976563e-06
10	Tcf7	0.524685505478851	0.144	0.084	1.67070788205117e-07
10	Cd4	0.188593122707407	0.047	0.044	1
10	Foxp3	-1.20180068480219	0.003	0.004	1
10	Ace	-1.4542859824219	0.011	0.024	1
10	Mki67	-1.71408948116148	0.016	0.033	1
10	Siglech	-2.8321523127894	0.002	0.005	1
10	Clec10a	-3.0790856268016	0.001	0.011	1
10	Cox6a2	-3.2423317525723	0.002	0.006	1
10	Cd209a	-3.57125192279085	0.001	0.008	1
10	Cd300c	-3.77360558266454	0	0.003	1
10	Ccr6	-3.90709980758533	0.003	0.021	0.00153016893874197
10	Hmx2	-4.20066880842566	0.003	0.048	9.2966587538949e-16
10	Ms4a1	-4.4076393186382	0.002	0.01	1
10	Plvap	-4.4129782413404	0.001	0.007	1
10	Cd79a	-4.55477690434487	0.003	0.015	0.054214721908843
10	Atp6v0d2	-4.68661428052746	0.003	0.082	1.98384250523208e-31
10	Trpv5	-4.73135645105972	0.002	0.037	8.61901634829882e-12
10	Fcer1a	-5.01764455214309	0	0.003	1
10	Cd200r3	-5.28481052924877	0	0.004	1
10	Slc12a1	-5.3239831647759	0.011	0.108	2.03015264778427e-37
10	Mcpt8	-5.36138954547518	0	0.002	1
10	C1qa	-5.51567351719329	0.003	0.015	0.229111194970925
10	Nphs2	-5.77755278614422	0.001	0.005	1
10	Aqp6	-5.87767732367778	0.003	0.041	2.32873106064134e-13
10	Il17re	-6.18176133957829	0.001	0.054	5.75344013194867e-22
10	Slc12a3	-6.79293298711678	0.025	0.308	4.55713865143376e-142
10	Kdr	-6.83580035566404	0.002	0.045	1.55893473829103e-16
10	Emcn	-6.88552721966861	0.003	0.052	3.61040798304535e-19
10	Aqp2	-8.97812384387057	0.001	0.07	2.4063640877606e-30
11	Gzma	6.56800011377555	0.811	0.027	0
11	Nkg7	4.0571150102855	0.97	0.13	0
11	Ccl5	3.89257368942359	0.967	0.139	0
11	Tnfrsf18	2.04871810528794	0.187	0.052	3.03788402708819e-44
11	Lef1	-0.3248303887673	0.066	0.068	1
11	Tcf7	-0.377820035468107	0.083	0.087	1
11	Cox6a2	-1.28958706984262	0.004	0.006	1
11	Siglech	-1.86054389163795	0.001	0.005	1
11	Ace	-2.01356393418545	0.008	0.024	1
11	Mki67	-2.0644194788689	0.013	0.033	1
11	Plvap	-2.10358917266853	0.002	0.007	1
11	Clec10a	-2.58554599719192	0.001	0.011	1
11	Ccr6	-3.09881029982891	0.004	0.021	0.402555569787844
11	Il17re	-3.33217749528589	0.005	0.054	6.48247101535562e-12
11	Cd300c	-3.483691966537	0	0.003	1
11	Cd8a	-3.89962991117699	0.006	0.052	4.10940272574957e-11
11	Cd4	-4.08866013632581	0.006	0.046	5.04301170144942e-10
11	Slc12a3	-4.54999402554064	0.057	0.304	3.25670052285511e-89
11	Foxp3	-4.5725433786944	0	0.004	1
11	Atp6v0d2	-4.66024156750689	0.004	0.081	2.91516002896125e-24
11	Ms4a1	-4.72189910734926	0.001	0.009	1
11	Fcer1a	-4.72773093601555	0	0.003	1
11	Cd79a	-4.73485423171536	0.001	0.015	0.401664427638543
11	Trpv5	-4.75661820774754	0.002	0.037	9.46051778586283e-09
11	C1qa	-4.89913914225282	0.003	0.014	1
11	Cd200r3	-4.99489691312123	0	0.004	1
11	Mcpt8	-5.07147592934764	0	0.002	1
11	Hmx2	-5.22409595840912	0.004	0.048	2.94820500435734e-11
11	Emcn	-5.51583297340464	0.003	0.051	1.3239847765207e-13
11	Slc12a1	-5.67860720175964	0.01	0.107	1.71141944329499e-31
11	Aqp2	-6.01242688966647	0.008	0.069	2.7535877934197e-17
11	Cd209a	-6.17277709984805	0	0.008	1
11	Aqp6	-7.00121919734354	0.001	0.041	6.55413108458514e-12
11	Kdr	-7.39081599058991	0.001	0.044	1.62606653897629e-13
11	Nphs2	-7.44409953595503	0	0.005	1
12	Aqp6	7.90241291237057	0.865	0.01	0
12	Atp6v0d2	3.59851543074759	0.742	0.054	0
12	Il17re	0.647355557076289	0.108	0.05	1.3650106551112e-10
12	Trpv5	-1.29324206343131	0.03	0.036	1
12	Plvap	-1.56202958020059	0.007	0.007	1
12	Ace	-2.12514110149394	0.013	0.024	1
12	Slc12a3	-3.11279841784458	0.152	0.299	2.20140364847346e-57
12	Cd300c	-3.33211932535744	0	0.003	1
12	Hmx2	-3.48304845714008	0.015	0.047	2.52194353540852e-05
12	Aqp2	-3.80734031711015	0.044	0.068	7.63035168234993e-12
12	Mki67	-3.89588380339772	0.005	0.033	0.000354510589143502
12	Kdr	-4.38920313535534	0.009	0.044	7.83135988172304e-09
12	Foxp3	-4.42097073751484	0	0.004	1
12	Emcn	-4.54479334217555	0.011	0.051	1.80403620464826e-10
12	Fcer1a	-4.57615829483599	0	0.003	1
12	Cd209a	-4.76747717503063	0.001	0.008	1
12	Cd200r3	-4.84332427194167	0	0.004	1
12	Mcpt8	-4.91990328816808	0	0.002	1
12	Slc12a1	-5.00122384719134	0.03	0.106	1.79955166689416e-32
12	Clec10a	-5.42180932027047	0	0.011	0.374577278098588
12	Cd4	-5.71831253083995	0.001	0.046	5.59402435238496e-12
12	Gzma	-5.84625915963952	0.007	0.059	1.50104616117106e-13
12	Siglech	-5.93197672148263	0	0.005	1
12	Nkg7	-5.99063535743083	0.01	0.167	1.61640843204945e-53
12	Cox6a2	-5.99424390127777	0	0.006	1
12	Cd8a	-6.03017421321272	0.002	0.052	9.94686925917546e-14
12	Tcf7	-6.56640366384171	0.001	0.09	4.33514088706216e-29
12	Ms4a1	-6.66807849982227	0	0.01	1
12	Ccr6	-6.7060213920487	0	0.021	6.79889513428824e-05
12	C1qa	-6.72241676201954	0.002	0.014	0.425547634172502
12	Ccl5	-6.9246357796101	0.029	0.176	5.63355891767613e-48
12	Nphs2	-7.29252689477547	0	0.005	1
12	Cd79a	-7.76646933076385	0	0.015	0.0116870824692637
12	Tnfrsf18	-8.15547327751672	0	0.059	5.37058921738656e-20
12	Lef1	-8.69606400616793	0	0.07	2.14912622089548e-24
13	Mki67	6.24275150747149	0.62	0.014	0
13	Ace	0.344901104702647	0.056	0.023	4.23045806049308e-06
13	Foxp3	-0.807865591405707	0.001	0.004	1
13	Cox6a2	-1.79914886299164	0.006	0.006	1
13	Cd209a	-2.42280016469329	0.001	0.008	1
13	Emcn	-2.49723602729923	0.012	0.051	0.00272765006812649
13	Slc12a3	-2.54045182168797	0.227	0.296	3.62276284840788e-59
13	Kdr	-2.78702767839224	0.01	0.044	0.00563537856103521
13	Trpv5	-2.93557097980596	0.008	0.036	0.0381193110359806
13	Ccr6	-3.0479164189445	0.001	0.021	0.146643740177155
13	Cd300c	-3.05945234542272	0	0.003	1
13	Hmx2	-3.18207598383998	0.012	0.047	0.00209555305295739
13	Il17re	-4.15154884107558	0.007	0.053	3.73409949159079e-08
13	Tnfrsf18	-4.20447648189575	0.003	0.059	9.71759369051111e-12
13	Atp6v0d2	-4.27139357871044	0.011	0.08	2.59079249901551e-15
13	Fcer1a	-4.30349131490127	0	0.003	1
13	Lef1	-4.40389317562813	0.006	0.07	1.0979166997276e-13
13	Aqp2	-4.52320626696609	0.025	0.068	1.35735557762241e-09
13	Cd200r3	-4.57065729200695	0	0.004	1
13	Mcpt8	-4.64723630823336	0	0.002	1
13	Plvap	-4.69825967973	0.001	0.007	1
13	Cd8a	-4.81505512670849	0.006	0.052	2.17552576043529e-09
13	Cd4	-5.06378351522228	0.001	0.046	5.38339442638472e-09
13	Slc12a1	-5.10873780507144	0.018	0.106	7.30751069086396e-24
13	Clec10a	-5.14914234033575	0	0.011	1
13	Siglech	-5.65930974154791	0	0.005	1
13	Nkg7	-5.9280108822835	0.014	0.166	1.58723700110876e-42
13	Cd79a	-5.96477526544735	0.001	0.015	1
13	Aqp6	-6.04801674164559	0.004	0.041	3.00290489389609e-07
13	Ccl5	-6.26580175801064	0.033	0.175	2.43406167664622e-37
13	Ms4a1	-6.39541151988754	0	0.009	1
13	Nphs2	-7.01985991484074	0	0.005	1
13	Tcf7	-7.77301502782035	0.001	0.089	2.45773760615763e-24
13	Gzma	-8.69156285671199	0.006	0.059	1.34830022076299e-13
13	C1qa	-8.72966262758757	0	0.014	0.162329240213176
14	Ccr6	6.58553010260802	0.49	0.007	0
14	Cd4	3.01104346395395	0.359	0.036	5.50866105385293e-158
14	Il17re	2.6504292843974	0.287	0.045	1.11943019188125e-86
14	Tnfrsf18	1.88500411633801	0.234	0.052	1.45036177818752e-51
14	Foxp3	1.66935675198342	0.018	0.004	0.723355100905733
14	Tcf7	1.66778996965657	0.362	0.079	1.00566827212653e-98
14	Lef1	0.508196801495188	0.163	0.065	1.77488831818159e-26
14	Mki67	-0.62343717720931	0.04	0.032	1
14	Cd8a	-1.37141494132647	0.032	0.051	1
14	Cd200r3	-1.51707462844485	0.004	0.004	1
14	Ace	-1.74537420219024	0.01	0.024	1
14	Cox6a2	-2.37365895316497	0.004	0.006	1
14	Nkg7	-2.6108275929103	0.084	0.164	1.33804407869106e-17
14	Cd300c	-2.95807904752851	0	0.003	1
14	Ccl5	-3.09358899059444	0.163	0.171	6.92347504580723e-25
14	Cd209a	-3.8858922465638	0.001	0.008	1
14	Fcer1a	-4.20211801700706	0	0.003	1
14	Hmx2	-4.32028560912345	0.004	0.047	4.10647681699792e-06
14	Mcpt8	-4.54586301033915	0	0.002	1
14	Plvap	-4.65002092990395	0.001	0.007	1
14	Cd79a	-4.70684071309501	0.003	0.015	1
14	Gzma	-4.82153508383092	0.022	0.058	3.04643133455277e-09
14	Clec10a	-5.04776904244154	0	0.011	1
14	Trpv5	-5.10200226989089	0.001	0.037	1.68736877957275e-05
14	C1qa	-5.24389852927331	0.004	0.014	1
14	Atp6v0d2	-5.48073989347981	0.003	0.08	3.33084667510522e-17
14	Slc12a1	-5.48557968943383	0.009	0.106	3.82107449300053e-22
14	Siglech	-5.5579364436537	0	0.005	1
14	Ms4a1	-6.29403822199333	0	0.009	1
14	Slc12a3	-6.40193802764752	0.027	0.302	2.77299522324344e-79
14	Aqp2	-6.58089872093721	0.001	0.069	5.3286613991599e-15
14	Nphs2	-6.91848661694653	0	0.005	1
14	Emcn	-7.02257503364234	0.001	0.051	6.94357244985043e-10
14	Aqp6	-7.58631487220091	0.001	0.041	1.56669497013902e-07
14	Kdr	-9.22650654757892	0	0.044	3.31073198435145e-10
15	Il17re	0.34405822797195	0.096	0.051	0.0142278633326982
15	Trpv5	-0.115155921588308	0.033	0.036	1
15	Nphs2	-0.407699040224634	0.002	0.005	1
15	Cd200r3	-0.422378441481124	0.014	0.004	0.434317800048133
15	Ace	-0.791216629656666	0.035	0.024	1
15	Slc12a3	-1.25458457117668	0.283	0.295	0.00771345909994591
15	Cd300c	-2.27413899110888	0	0.003	1
15	Mki67	-2.82516506198232	0.012	0.032	1
15	Ccr6	-2.93259021950404	0.005	0.02	1
15	Cox6a2	-3.04119686258982	0.002	0.006	1
15	Foxp3	-3.36299040326627	0	0.004	1
15	Plvap	-3.38585749278435	0.002	0.007	1
15	Fcer1a	-3.51817796058743	0	0.003	1
15	Atp6v0d2	-3.75160488718355	0.023	0.079	6.0471048988154e-08
15	Mcpt8	-3.86192295391952	0	0.002	1
15	C1qa	-4.18395120881681	0.007	0.014	1
15	Tnfrsf18	-4.28606938283781	0.005	0.058	0.000104899431095781
15	Clec10a	-4.36382898602191	0	0.011	1
15	Cd79a	-4.36458914237933	0.002	0.015	1
15	Slc12a1	-4.43425079047031	0.035	0.105	1.32643346392136e-11
15	Siglech	-4.87399638723407	0	0.005	1
15	Cd209a	-4.96322412441992	0	0.008	1
15	Cd4	-5.00093473009967	0.005	0.045	0.000696681296852747
15	Ccl5	-5.08427817862707	0.091	0.172	3.2764771516671e-19
15	Ms4a1	-5.6100981655737	0	0.009	1
15	Kdr	-5.8567162417931	0.005	0.043	0.000765828577138093
15	Aqp2	-5.86329722662899	0.014	0.068	3.39951613903513e-05
15	Nkg7	-6.19138092246237	0.026	0.164	2.25280460717985e-26
15	Emcn	-6.33339157693541	0.002	0.05	0.00020449437492667
15	Gzma	-6.9062787832495	0.014	0.058	1.36189506574473e-06
15	Tcf7	-7.01451649365398	0.002	0.088	1.65496799344594e-12
15	Cd8a	-7.45167514435366	0	0.051	9.2778048336043e-07
15	Lef1	-7.63808367191937	0	0.069	2.62825170205594e-10
15	Hmx2	-8.11485012287972	0	0.047	6.68263111954754e-06
15	Aqp6	-8.32085706373002	0	0.04	0.000123278021086682
16	C1qa	10.6887637052392	0.683	0.003	0
16	Clec10a	2.75807349569825	0.031	0.01	1
16	Cd209a	1.71093404383759	0.024	0.008	1
16	Ace	1.15327153957769	0.031	0.024	1
16	Foxp3	-0.173716850391091	0.005	0.004	1
16	Mki67	-0.462532578748974	0.027	0.032	1
16	Cd4	-0.511110378170727	0.027	0.045	1
16	Siglech	-0.594928706451489	0.007	0.005	1
16	Trpv5	-1.95953801117298	0.007	0.036	1
16	Cd300c	-2.22522886370637	0	0.003	1
16	Plvap	-3.13598271655928	0.002	0.007	1
16	Ccr6	-3.16524863155046	0.005	0.02	1
16	Il17re	-3.24633261568485	0.002	0.053	9.07377866450463e-05
16	Cd79a	-3.28528636022514	0.005	0.015	1
16	Aqp2	-3.31010281040324	0.031	0.068	1
16	Tnfrsf18	-3.44323122443601	0.007	0.058	0.00324577610899303
16	Fcer1a	-3.46926783318492	0	0.003	1
16	Tcf7	-3.65043775836101	0.015	0.088	1.98153794723988e-07
16	Ccl5	-3.72704990333004	0.099	0.172	2.01590149428646e-11
16	Cd200r3	-3.73643381029059	0	0.004	1
16	Mcpt8	-3.81301282651701	0	0.002	1
16	Slc12a3	-4.05837294250458	0.075	0.298	4.70076699373216e-30
16	Aqp6	-4.14236573544302	0.002	0.04	0.0458587226449889
16	Hmx2	-4.23191678076083	0.005	0.047	0.0363482060373027
16	Ms4a1	-4.25101659672528	0.002	0.009	1
16	Kdr	-4.34572014140864	0.005	0.043	0.0377605610260695
16	Atp6v0d2	-4.36776362081904	0.005	0.079	6.47648763616361e-08
16	Nkg7	-4.43031664704212	0.012	0.164	2.39541850473083e-21
16	Slc12a1	-4.53656388930266	0.019	0.105	2.32427806986772e-08
16	Emcn	-4.80613078039612	0.005	0.05	0.00657639756544605
16	Cox6a2	-4.88735343962669	0	0.006	1
16	Lef1	-5.602543442247	0.002	0.069	2.03955114995019e-07
16	Cd8a	-5.67374082700519	0.002	0.051	0.000204360556219046
16	Nphs2	-6.18563643312439	0	0.005	1
16	Gzma	-6.54499693124266	0.01	0.058	5.56100972444026e-05
17	Ms4a1	11.9544967972211	0.533	0	0
17	Cd79a	11.2331188223054	0.796	0.001	0
17	Ccr6	1.82251292992508	0.058	0.019	0.0560235250338853
17	Foxp3	-0.556586630922039	0.005	0.004	1
17	Lef1	-1.02819144401315	0.036	0.068	1
17	Siglech	-1.46409891307567	0.002	0.005	1
17	Tnfrsf18	-1.63140262898389	0.024	0.058	1
17	Cd8a	-1.99715390733251	0.022	0.051	1
17	Cd300c	-2.21810896516371	0	0.003	1
17	Ace	-2.29855309750111	0.007	0.024	1
17	Cd4	-2.31758314830136	0.012	0.045	1
17	Tcf7	-2.53626378312852	0.027	0.088	0.00106249121923434
17	Cd209a	-2.88461233083516	0.002	0.008	1
17	Hmx2	-2.98249015667701	0.007	0.047	0.382404729916875
17	Cox6a2	-3.33136433738006	0.002	0.006	1
17	Ccl5	-3.44119059121226	0.071	0.173	6.70542781363772e-09
17	Mki67	-3.45485516036038	0.005	0.032	1
17	Fcer1a	-3.46214793464226	0	0.003	1
17	Cd200r3	-3.72931391174793	0	0.004	1
17	C1qa	-3.74788900583594	0.005	0.014	1
17	Slc12a1	-3.75969116079669	0.022	0.105	1.72922855416369e-07
17	Mcpt8	-3.80589292797435	0	0.002	1
17	Nkg7	-3.85025036398757	0.034	0.164	3.10374172144391e-15
17	Plvap	-3.85196387355484	0.002	0.007	1
17	Clec10a	-4.30779896007673	0	0.011	1
17	Aqp2	-4.58663885722301	0.012	0.068	0.00215050350993189
17	Slc12a3	-4.97858986072662	0.054	0.298	1.906522092369e-36
17	Gzma	-4.98522597836415	0.01	0.058	0.00592709826031686
17	Kdr	-5.18013457049109	0.002	0.043	0.0114092055924095
17	Atp6v0d2	-5.35662197502877	0.002	0.079	4.42983228837175e-09
17	Aqp6	-5.63273483398679	0.002	0.04	0.0293383101624269
17	Nphs2	-6.17851653458173	0	0.005	1
17	Trpv5	-6.20362758017788	0	0.036	0.0013626825846485
17	Il17re	-6.58003001954858	0	0.053	1.00126783953899e-06
17	Emcn	-9.26757767253176	0	0.05	2.98823965704042e-06
18	Cd300c	12.2235453645767	0.211	0	9.33098967878059e-122
18	Siglech	10.5822155174894	0.377	0	1.89459281714915e-217
18	Cox6a2	9.02400662051797	0.291	0.002	8.231048802994e-149
18	Cd209a	8.40485619591578	0.482	0.002	1.68215777798125e-255
18	Clec10a	6.37358735489883	0.377	0.006	1.86699733627545e-155
18	Cd4	0.543378016465123	0.102	0.044	0.000119709069999981
18	Tnfrsf18	0.108714219687145	0.16	0.056	1.46667243850467e-28
18	Cd200r3	-0.486961754368758	0.013	0.004	1
18	Cd8a	-0.5566339868683	0.064	0.05	1
18	Ace	-0.592652087183008	0.032	0.024	1
18	Mki67	-0.633189430369257	0.045	0.032	1
18	Ccr6	-1.33502619558058	0.022	0.02	1
18	Foxp3	-1.87763063380714	0.003	0.004	1
18	Tcf7	-2.17573598796923	0.054	0.087	3.50962978956761e-06
18	Il17re	-2.76704689338154	0.022	0.052	0.774654534044052
18	Lef1	-2.87942620735915	0.032	0.068	0.000171143258670091
18	Cd79a	-3.04586788231099	0.013	0.014	1
18	Fcer1a	-3.06347466423354	0	0.003	1
18	Mcpt8	-3.40721965756563	0	0.002	1
18	Plvap	-3.55150173579276	0.003	0.007	1
18	Kdr	-3.86164829326757	0.016	0.043	0.0927915507516345
18	Ms4a1	-3.90113885996426	0.003	0.009	1
18	Aqp2	-3.96686582273555	0.019	0.068	0.972279126811532
18	Slc12a3	-4.16880413527616	0.083	0.297	7.01214539251967e-30
18	Trpv5	-4.28740096154733	0.003	0.036	1
18	C1qa	-4.46928861020249	0.013	0.014	1
18	Hmx2	-4.64809370684215	0.013	0.046	0.554176270482127
18	Slc12a1	-4.71029554068236	0.019	0.104	1.21234193259427e-08
18	Nkg7	-4.7196275229392	0.048	0.163	4.2667068785717e-17
18	Ccl5	-5.71690917641546	0.125	0.172	1.26444290433263e-18
18	Nphs2	-5.77984326417302	0	0.005	1
18	Atp6v0d2	-6.1380207381416	0.003	0.079	2.94436018607115e-06
18	Gzma	-6.31622239323592	0.013	0.058	0.00802020321374353
18	Emcn	-7.03019314046883	0.003	0.05	0.0121263377599348
18	Aqp6	-7.86615376737614	0	0.04	0.0147394455454029
19	Mki67	4.3752353573121	0.681	0.026	1.75399807600576e-174
19	Gzma	1.37765220473039	0.19	0.056	2.48611715222131e-09
19	Foxp3	1.13829028147283	0.027	0.004	0.0827959065346664
19	Cd4	1.07515813720969	0.164	0.043	2.70674313894008e-15
19	Nkg7	0.894782006878156	0.336	0.16	1.05827926641202e-05
19	Cd8a	0.833290814042357	0.124	0.05	0.0951412728672608
19	Tnfrsf18	0.831131158985046	0.173	0.056	2.94535839434126e-11
19	Cd209a	0.053947277018263	0.004	0.008	1
19	Tcf7	-0.0337163759432157	0.173	0.086	2.97139232434907e-12
19	Ccl5	-0.348092491120787	0.305	0.17	0.00371449930055997
19	Ace	-0.496420841013261	0.031	0.024	1
19	Ccr6	-0.591574940796138	0.027	0.02	1
19	Lef1	-1.28606539120032	0.084	0.068	8.08281703781367e-07
19	Cd300c	-1.34455658124351	0	0.003	1
19	Cd200r3	-1.39985908481008	0.004	0.004	1
19	Il17re	-1.99325502213857	0.022	0.052	1
19	Clec10a	-2.14495433262519	0.004	0.011	1
19	Plvap	-2.20283024488873	0.004	0.007	1
19	Fcer1a	-2.58859555072206	0	0.003	1
19	Cox6a2	-2.86103196580456	0.004	0.006	1
19	Atp6v0d2	-2.87622702019925	0.022	0.079	1
19	Trpv5	-2.90627511261244	0.013	0.036	1
19	Mcpt8	-2.93234054405415	0	0.002	1
19	Slc12a3	-3.09972782190204	0.199	0.295	1.35792420701715e-15
19	Siglech	-3.9444139773687	0	0.005	1
19	Hmx2	-3.95975656613155	0.013	0.046	1
19	Slc12a1	-4.13824422540228	0.027	0.104	0.00060601265693196
19	Ms4a1	-4.68051575570833	0	0.009	1
19	Aqp6	-5.06394205733674	0.004	0.04	1
19	Aqp2	-5.23717032341645	0.027	0.067	0.263962725515791
19	Nphs2	-5.30496415066153	0	0.005	1
19	Cd79a	-5.77890658664991	0	0.015	1
19	C1qa	-7.01476686340836	0	0.014	1
19	Kdr	-7.61298408129392	0	0.043	0.269495071092244
19	Emcn	-8.39402528861156	0	0.05	0.0502347224241761
2	Slc12a3	1.13905411779146	0.707	0.257	0
2	Il17re	-1.15721773198921	0.013	0.056	1.01294671019958e-25
2	Cox6a2	-1.90555072035067	0.002	0.006	1
2	Ace	-1.95752386621277	0.004	0.026	1.54220254583309e-10
2	Atp6v0d2	-2.08342385936243	0.016	0.084	3.43708239272177e-34
2	Plvap	-2.22159703077093	0.001	0.007	1
2	Trpv5	-2.23044592919792	0.005	0.038	4.90963300553279e-19
2	Nphs2	-2.6534117615688	0.002	0.005	1
2	Hmx2	-2.83310381198029	0.01	0.049	3.98355955901172e-17
2	Mki67	-2.9734629214448	0.003	0.034	2.75020918028472e-17
2	Aqp2	-3.03036172939736	0.024	0.071	5.1945504392888e-17
2	Slc12a1	-3.64916579780077	0.026	0.11	3.66531290244572e-48
2	Cd8a	-4.17353530292587	0.002	0.055	2.53115820192965e-38
2	Cd300c	-4.67019252713818	0	0.003	1
2	Kdr	-4.85760253012094	0.003	0.046	3.4147770220765e-28
2	C1qa	-4.91970108206212	0.002	0.015	3.83385878814818e-05
2	Aqp6	-5.35808906835884	0.002	0.043	7.84975166690755e-28
2	Ms4a1	-5.41035618946479	0.001	0.01	0.0018502962554064
2	Cd79a	-5.48469988091502	0.001	0.016	2.23489680932919e-07
2	Foxp3	-5.75904393929557	0	0.004	0.708468178394289
2	Tnfrsf18	-5.84213613105197	0	0.062	2.05058687041863e-50
2	Fcer1a	-5.91423149661673	0	0.003	1
2	Tcf7	-6.10309502917238	0	0.095	6.5720284242735e-81
2	Lef1	-6.14710330366408	0.001	0.074	1.42264037525753e-58
2	Emcn	-6.16925207100821	0.002	0.054	8.38963563767665e-37
2	Cd200r3	-6.1813974737224	0	0.004	0.708468178212806
2	Mcpt8	-6.25797648994882	0	0.002	1
2	Clec10a	-6.7598825220512	0	0.012	2.2179136256299e-07
2	Siglech	-7.27004992326336	0	0.006	0.073868942479307
2	Nkg7	-7.29665552403361	0.003	0.176	1.48186248853836e-150
2	Gzma	-7.35558819033369	0.003	0.062	8.32808148588099e-43
2	Cd209a	-7.35927766044922	0	0.009	9.643897268415e-05
2	Ccr6	-8.04409459382943	0	0.022	1.85661255502527e-16
2	Ccl5	-8.48877870912774	0.009	0.186	1.88328911047987e-145
2	Cd4	-9.10683618126686	0	0.048	1.4255179155518e-40
20	Ccr6	2.96292762230554	0.176	0.019	4.88159881173448e-20
20	Il17re	2.20252123969049	0.25	0.05	3.86755558387488e-17
20	Tcf7	0.844481069306442	0.176	0.086	0.425504604951514
20	Tnfrsf18	-0.0521033699876352	0.074	0.057	1
20	Mki67	-0.244097924583012	0.042	0.032	1
20	Lef1	-0.570520852539284	0.083	0.068	1
20	Foxp3	-1.05810653398871	0.005	0.004	1
20	Ace	-1.25920711282969	0.019	0.024	1
20	Cd300c	-1.27868702551968	0	0.003	1
20	Fcer1a	-2.52272599499823	0	0.003	1
20	Cd4	-2.57032049202624	0.014	0.045	1
20	Hmx2	-2.69001390512367	0.009	0.046	1
20	Cd8a	-2.71332091899802	0.009	0.051	1
20	Nkg7	-2.71545685914538	0.088	0.163	0.000351749584304777
20	Cd200r3	-2.78989197210391	0	0.004	1
20	Atp6v0d2	-2.83666030948675	0.009	0.079	0.261721731792201
20	Mcpt8	-2.86647098833032	0	0.002	1
20	Clec10a	-3.36837702043271	0	0.011	1
20	Ccl5	-3.72921030936859	0.125	0.171	6.36273490413517e-05
20	Siglech	-3.87854442164487	0	0.005	1
20	Cox6a2	-3.94081160144001	0	0.006	1
20	Cd209a	-3.96777215883073	0	0.008	1
20	Gzma	-4.33293900711271	0.028	0.057	1
20	Plvap	-4.46625146777347	0	0.007	1
20	Ms4a1	-4.61464619998451	0	0.009	1
20	Nphs2	-5.23909459493771	0	0.005	1
20	Trpv5	-5.26420564053386	0	0.036	1
20	Aqp6	-5.34623300724502	0.005	0.04	1
20	Cd79a	-5.71303703092609	0	0.015	1
20	Kdr	-5.75161228175037	0.005	0.043	1
20	Emcn	-5.75703158119024	0.005	0.05	1
20	Slc12a1	-6.28951546582176	0.009	0.104	0.000118881681004729
20	Slc12a3	-6.89796920430478	0.032	0.297	1.42308317007418e-22
20	C1qa	-6.94889730768454	0	0.014	1
20	Aqp2	-7.26540835592797	0.005	0.068	0.088361261245589
21	Nphs2	12.1228263161863	0.919	0.001	9.69770002631735e-283
21	Cd300c	-0.460948806524675	0	0.003	1
21	Cox6a2	-0.861720153314816	0.016	0.006	1
21	Plvap	-1.54256660681229	0.008	0.007	1
21	Foxp3	-1.54980021868207	0	0.004	1
21	Fcer1a	-1.70498777600322	0	0.003	1
21	Ace	-1.96524638159087	0.008	0.024	1
21	Cd200r3	-1.9721537531089	0	0.004	1
21	Mcpt8	-2.04873276933531	0	0.002	1
21	Emcn	-2.22446949173085	0.024	0.05	1
21	Clec10a	-2.5506388014377	0	0.011	1
21	Siglech	-3.06080620264986	0	0.005	1
21	Cd209a	-3.15003393983572	0	0.008	1
21	Trpv5	-3.28577499397833	0.008	0.036	1
21	Lef1	-3.3602534765299	0.008	0.068	1
21	Cd4	-3.4510678852521	0.008	0.045	1
21	Aqp6	-3.51717989092245	0.008	0.04	1
21	Ms4a1	-3.7969079809895	0	0.009	1
21	Ccr6	-3.83485087321593	0	0.02	1
21	Tnfrsf18	-3.83787456971088	0.008	0.057	1
21	Tcf7	-4.07491907716444	0.008	0.087	1
21	Slc12a3	-4.31823247967295	0.106	0.295	6.8552484534551e-06
21	Kdr	-4.62507401831741	0.008	0.043	1
21	Mki67	-4.70924480339017	0	0.032	1
21	Il17re	-4.82286986090955	0	0.052	1
21	Cd79a	-4.89529881193108	0	0.015	1
21	Slc12a1	-5.37026044926043	0.016	0.104	1
21	Cd8a	-5.63848495976946	0	0.05	1
21	C1qa	-6.13115908868953	0	0.014	1
21	Hmx2	-6.30165993829552	0	0.046	1
21	Atp6v0d2	-6.33048463568455	0	0.078	0.236531423329691
21	Ccl5	-7.29042704895038	0.033	0.172	0.00466677150904886
21	Aqp2	-8.29225290014679	0	0.067	1
21	Nkg7	-9.1415485144499	0	0.163	1.41325939156009e-06
21	Gzma	-9.14158572504232	0	0.057	1
22	Mcpt8	17.4993530776518	0.474	0	1.65163864390902e-130
22	Fcer1a	14.463197352883	0.544	0	1.71549057550997e-148
22	Cd200r3	10.0631166222738	0.605	0.001	1.46064337238424e-147
22	Tnfrsf18	0.796281059137987	0.105	0.057	1
22	Foxp3	0.649543381709864	0.009	0.004	1
22	Cd300c	-0.350806157618965	0	0.003	1
22	Ace	-1.62055261953689	0.018	0.024	1
22	Lef1	-1.84252915136045	0.044	0.068	1
22	Cd8a	-2.07673936073206	0.026	0.05	1
22	Nphs2	-2.11819318624267	0.009	0.005	1
22	Nkg7	-2.12437412163841	0.088	0.162	1
22	Clec10a	-2.44049615253199	0	0.011	1
22	Ccl5	-2.59417079283641	0.114	0.171	1
22	Tcf7	-2.70599357880436	0.026	0.087	1
22	Cd4	-2.77122407232339	0.009	0.045	1
22	Siglech	-2.95066355374415	0	0.005	1
22	Cox6a2	-3.01293073353929	0	0.006	1
22	Cd209a	-3.03989129093001	0	0.008	1
22	Plvap	-3.53837059987275	0	0.007	1
22	Ms4a1	-3.68676533208379	0	0.009	1
22	Aqp2	-3.68942650006263	0.009	0.067	1
22	Ccr6	-3.72470822431022	0	0.02	1
22	Atp6v0d2	-4.02818749920572	0.009	0.078	1
22	Trpv5	-4.33632477263314	0	0.036	1
22	Gzma	-4.39506214440479	0.044	0.057	1
22	C1qa	-4.39692416270737	0.009	0.014	1
22	Mki67	-4.59910215448446	0	0.032	1
22	Il17re	-4.71272721200384	0	0.052	1
22	Cd79a	-4.78515616302537	0	0.015	1
22	Slc12a3	-5.15270454477843	0.035	0.296	1.45868548223423e-08
22	Slc12a1	-5.36491851040467	0.009	0.104	1
22	Hmx2	-6.19151728938981	0	0.046	1
22	Aqp6	-6.39752423024011	0	0.04	1
22	Kdr	-6.61923365766937	0	0.043	1
22	Emcn	-7.40027486498701	0	0.05	1
23	Cd4	1.35497368174825	0.041	0.044	1
23	Ace	1.26623015413917	0.055	0.024	1
23	Il17re	0.825014282154577	0.027	0.052	1
23	Ccl5	0.36262059559023	0.178	0.171	1
23	Tnfrsf18	0.318233834704821	0.027	0.057	1
23	Cd300c	0.294617441857995	0	0.003	1
23	Cd8a	-0.527069474058399	0.027	0.05	1
23	Foxp3	-0.794233970299399	0	0.004	1
23	Fcer1a	-0.949421527620555	0	0.003	1
23	Aqp2	-0.956489320433046	0.041	0.067	1
23	Nkg7	-1.08226360774579	0.11	0.162	1
23	Cd200r3	-1.21658750472623	0	0.004	1
23	Mcpt8	-1.29316652095264	0	0.002	1
23	Tcf7	-1.32874305764921	0.027	0.087	1
23	Clec10a	-1.79507255305503	0	0.011	1
23	Atp6v0d2	-1.80717685892092	0.014	0.078	1
23	Mki67	-1.80986037470044	0.014	0.032	1
23	Slc12a1	-1.92329475498395	0.068	0.103	1
23	Siglech	-2.30523995426719	0	0.005	1
23	Cox6a2	-2.36750713406233	0	0.006	1
23	Cd209a	-2.39446769145305	0	0.008	1
23	Plvap	-2.89294700039579	0	0.007	1
23	Emcn	-3.01442147298933	0.014	0.05	1
23	Ms4a1	-3.04134173260683	0	0.009	1
23	Ccr6	-3.07928462483326	0	0.02	1
23	Slc12a3	-3.10730834725749	0.247	0.295	0.0366308616309097
23	Gzma	-3.30951061816229	0.014	0.057	1
23	Nphs2	-3.66579012756003	0	0.005	1
23	Trpv5	-3.69090117315618	0	0.036	1
23	Cd79a	-4.13973256354841	0	0.014	1
23	Lef1	-5.06932723895249	0	0.068	1
23	C1qa	-5.37559284030686	0	0.014	1
23	Hmx2	-5.54609368991285	0	0.046	1
23	Aqp6	-5.75210063076315	0	0.04	1
23	Kdr	-5.97381005819241	0	0.043	1
3	Lef1	4.58838698499438	0.468	0.032	0
3	Tcf7	4.37810223205349	0.567	0.043	0
3	Cd4	2.59685985958226	0.166	0.033	1.34668941537291e-117
3	Cd8a	1.70828479443318	0.158	0.04	7.71368281577503e-81
3	Foxp3	1.62196326555236	0.009	0.004	1
3	Tnfrsf18	1.26574394936798	0.126	0.051	1.47536784393168e-30
3	Cd200r3	0.682794206075378	0.008	0.004	1
3	Ccr6	0.172355571307571	0.027	0.019	1
3	Nkg7	-1.26872317073973	0.209	0.158	6.27880833839747e-109
3	Il17re	-1.50111925691006	0.019	0.055	3.77888059149569e-11
3	Ccl5	-1.80560230925746	0.172	0.171	1.08624429622931e-35
3	Ace	-2.11045599182294	0.007	0.025	5.75531972987748e-05
3	Clec10a	-2.98904094645916	0.001	0.012	0.000673002559258916
3	Cd209a	-3.22489453851219	0.001	0.009	1
3	Cox6a2	-3.47799648180137	0.001	0.006	1
3	Mki67	-3.6908655677513	0.004	0.034	3.71196321819145e-16
3	Plvap	-4.19426960211436	0.001	0.007	1
3	Atp6v0d2	-4.4056844379218	0.006	0.085	2.14580219434128e-54
3	Cd79a	-4.60808899777814	0.002	0.016	6.93638410413187e-06
3	Cd300c	-4.66869024646258	0	0.003	1
3	Slc12a1	-5.51725723632728	0.011	0.112	2.43272832930561e-74
3	Slc12a3	-5.67064430130415	0.041	0.317	1.85238461373312e-233
3	Aqp6	-5.72598982572101	0.002	0.043	5.40306469005545e-28
3	Fcer1a	-5.91272921594113	0	0.003	1
3	Gzma	-5.99588061949694	0.012	0.061	1.92714837328614e-37
3	C1qa	-6.08787330339261	0.002	0.015	2.58464512373805e-06
3	Hmx2	-6.22813232173502	0.001	0.05	3.10668226740562e-35
3	Mcpt8	-6.25647420927322	0	0.002	1
3	Nphs2	-6.5441695957055	0	0.006	0.544527392875318
3	Kdr	-6.726401534547	0.001	0.046	6.58627544868978e-33
3	Aqp2	-6.93782994173242	0.004	0.073	3.9015406708565e-49
3	Emcn	-6.98111454339288	0.002	0.054	4.34663780639312e-38
3	Siglech	-7.26854764258777	0	0.006	0.0747209329876245
3	Ms4a1	-8.0046494209274	0	0.01	7.36670834536068e-06
3	Trpv5	-8.65420886147676	0	0.039	8.52550538500866e-32
4	Trpv5	3.75917250619802	0.247	0.019	1.97777004615412e-284
4	Slc12a3	1.24184868852289	0.713	0.261	0
4	Il17re	0.343208149944144	0.062	0.051	1
4	Cox6a2	-2.00859468603585	0.004	0.006	1
4	Aqp2	-2.31753520227641	0.066	0.067	2.90012203203778e-19
4	Atp6v0d2	-2.74495343243944	0.021	0.083	2.96340427979036e-28
4	Ace	-3.04289710689638	0.003	0.025	1.21298058274829e-08
4	Siglech	-3.20819810623956	0.001	0.005	1
4	Hmx2	-3.23589116280108	0.013	0.049	3.06495548736993e-14
4	Aqp6	-3.61309215078887	0.006	0.042	5.00724174626828e-17
4	Slc12a1	-4.29429377579463	0.025	0.11	6.43995323412356e-55
4	Cd300c	-4.48652673377787	0	0.003	1
4	Mki67	-4.69688207023362	0.003	0.034	4.23206557465944e-16
4	Nphs2	-4.9221742723752	0.001	0.006	1
4	Cd8a	-5.19113259918594	0.002	0.054	6.24302325448952e-34
4	Foxp3	-5.57537814593527	0	0.004	1
4	Fcer1a	-5.73056570325642	0	0.003	1
4	Cd200r3	-5.9977316803621	0	0.004	1
4	Mcpt8	-6.07431069658851	0	0.002	1
4	Emcn	-6.21283347881586	0.004	0.053	4.81853769953428e-32
4	Kdr	-6.5348633206886	0.001	0.046	2.58940436294106e-29
4	Clec10a	-6.5762167286909	0	0.012	3.50288244897791e-06
4	Cd209a	-7.17561186708892	0	0.009	0.000765967368423492
4	Plvap	-7.67409117603166	0	0.007	0.014500566106426
4	Tcf7	-7.71488623843013	0.001	0.094	3.91043082234638e-70
4	Ms4a1	-7.8224859082427	0	0.01	7.68344183792471e-05
4	Ccr6	-7.86042880046913	0	0.022	3.16938280267782e-14
4	Lef1	-8.10736695230099	0.001	0.073	2.71766364012241e-53
4	Cd79a	-8.14741241906392	0.001	0.016	1.80910820426728e-08
4	Ccl5	-8.42157239246992	0.012	0.184	6.6745436474289e-125
4	Cd4	-8.92317038790656	0	0.048	1.41239686195908e-35
4	Nkg7	-9.30222754174829	0.001	0.175	1.09720046613612e-140
4	Tnfrsf18	-9.30988068593715	0	0.062	5.65611850200525e-47
4	C1qa	-10.1567370159427	0	0.015	5.33773480472558e-09
4	Gzma	-13.1671636522955	0	0.062	7.85282618408615e-47
5	Foxp3	4.27383388425689	0.029	0.002	7.50159522259759e-29
5	Tnfrsf18	3.35334721944142	0.301	0.038	1.40537891696283e-277
5	Cd4	2.75096644687192	0.196	0.033	3.3000528438262e-136
5	Nkg7	1.56549987848262	0.67	0.123	0
5	Tcf7	0.924653913137608	0.186	0.079	7.66969987941565e-42
5	Lef1	0.695889873286106	0.137	0.062	6.44022120689016e-29
5	Ccl5	0.482331799518269	0.583	0.139	0
5	Cd8a	0.0993375531854903	0.046	0.051	1
5	Ccr6	-1.20230537140344	0.011	0.021	1
5	Mki67	-2.12275661582743	0.012	0.033	0.000311015757167589
5	Clec10a	-2.39251471925977	0.002	0.011	0.145308516930398
5	Cd300c	-2.68766009687946	0.001	0.003	1
5	Ace	-2.75101667375811	0.006	0.025	0.000130714038492467
5	Cd200r3	-2.80162830694571	0.001	0.004	1
5	Fcer1a	-2.98206757806172	0.001	0.003	1
5	Il17re	-3.82018319707619	0.004	0.056	2.03594060841698e-28
5	Cd209a	-4.30703363942667	0.001	0.009	1
5	Atp6v0d2	-4.37281325368429	0.006	0.084	3.96449402390387e-45
5	Plvap	-4.41935782026092	0.001	0.007	1
5	Hmx2	-4.7902098122665	0.004	0.049	3.7407925341168e-23
5	Gzma	-4.98552675800563	0.018	0.06	5.11471360073154e-26
5	Cd79a	-5.23657287673558	0.002	0.015	1.75731697100301e-05
5	Slc12a1	-5.34910341638892	0.011	0.111	2.77784391453639e-63
5	Trpv5	-6.00322150435211	0.001	0.038	1.61510456501879e-23
5	Mcpt8	-6.01822330283055	0	0.002	1
5	Slc12a3	-6.2849316193487	0.044	0.314	1.83160318483126e-204
5	Emcn	-6.51880032153276	0.003	0.053	6.37580080857398e-31
5	Aqp6	-6.80652299489246	0.001	0.043	1.74907875419451e-25
5	Aqp2	-6.87264394761839	0.004	0.072	2.67772115205176e-41
5	C1qa	-6.95959569176226	0.001	0.015	8.41795259327881e-06
5	Siglech	-7.0302967361451	0	0.005	0.405121531481049
5	Cox6a2	-7.09256391594023	0	0.006	0.0688065465722043
5	Kdr	-7.52913019185614	0.001	0.046	8.93592437676e-29
5	Ms4a1	-7.76639851448473	0	0.01	0.000150085090222473
5	Nphs2	-8.39084690943793	0	0.006	0.321336215784199
6	Kdr	9.61098351711967	0.674	0.003	0
6	Emcn	9.59407329680451	0.771	0.004	0
6	Plvap	7.49093676901286	0.087	0.001	3.11890837214461e-130
6	Ace	0.853731706744445	0.032	0.023	1
6	Hmx2	-2.08088119441808	0.011	0.048	1.66840921890794e-09
6	Lef1	-2.1030879666385	0.014	0.071	2.85952290529748e-19
6	Il17re	-2.58595641363993	0.005	0.055	2.28726813107947e-21
6	Nphs2	-2.59114991734035	0.003	0.005	1
6	Aqp2	-2.9085714994959	0.025	0.07	9.06314034550928e-11
6	Cox6a2	-2.91619339774268	0.002	0.006	1
6	Trpv5	-2.93805434016203	0.005	0.038	2.44233498224879e-10
6	Slc12a3	-3.08841973813526	0.111	0.306	2.82303840734558e-88
6	Slc12a1	-3.09583990182058	0.029	0.108	3.04044437778226e-28
6	Mki67	-3.27310315314085	0.003	0.034	6.14913006169307e-12
6	C1qa	-3.65615393095944	0.003	0.015	0.284812468093531
6	Atp6v0d2	-3.86253798294785	0.007	0.083	2.04837445737336e-34
6	Cd300c	-4.143560947942	0	0.003	1
6	Aqp6	-5.01449111690428	0.005	0.042	1.02251853946246e-15
6	Ms4a1	-5.08655522947487	0.001	0.01	0.322974833274765
6	Foxp3	-5.2324123600994	0	0.004	1
6	Fcer1a	-5.38759991742055	0	0.003	1
6	Nkg7	-5.62009425576816	0.009	0.172	3.70334587366295e-93
6	Cd200r3	-5.65476589452623	0	0.004	1
6	Mcpt8	-5.73134491075264	0	0.002	1
6	Tcf7	-5.77803121357287	0.003	0.092	1.01392148537514e-48
6	Ccl5	-5.80775954849428	0.028	0.18	1.62242180914358e-75
6	Cd4	-6.05649719947376	0.001	0.047	1.78911929565562e-24
6	Cd79a	-6.18610009529642	0.001	0.015	0.000102699114646763
6	Clec10a	-6.23325094285503	0	0.011	0.000276657611848781
6	Gzma	-6.72803946033416	0.003	0.06	2.94746242335603e-28
6	Siglech	-6.74341834406719	0	0.005	1
6	Cd209a	-6.83264608125305	0	0.009	0.020437528068657
6	Tnfrsf18	-7.06897056262965	0.001	0.061	1.5297590067201e-33
6	Ccr6	-7.51746301463326	0	0.021	1.07206229241455e-10
6	Cd8a	-8.01057753498138	0.001	0.053	2.53447866141895e-29
7	Hmx2	7.75227205383441	0.729	0.008	0
7	Atp6v0d2	4.77791005009216	0.776	0.039	0
7	Aqp6	0.57990414691932	0.124	0.035	4.78596580430781e-71
7	Il17re	0.0743643514535557	0.078	0.05	3.20496093401588e-07
7	Aqp2	-0.381681704014413	0.112	0.064	8.26160237140369e-14
7	Trpv5	-1.30850539738516	0.024	0.036	1
7	Ace	-2.25583235647995	0.006	0.025	0.0158627554781573
7	Siglech	-3.14857122984491	0.001	0.005	1
7	Cd209a	-3.25471685717665	0.001	0.008	1
7	Slc12a3	-3.41729193443857	0.16	0.302	4.5351468404653e-115
7	Mki67	-3.78643424602455	0.004	0.033	1.27630416432818e-08
7	Cd8a	-3.84792837494412	0.007	0.053	1.69028336469979e-17
7	Slc12a1	-3.90446288322061	0.043	0.107	4.07544091744779e-46
7	Cd300c	-3.97259402106886	0	0.003	1
7	Cd79a	-4.08548870638215	0.001	0.015	0.0250393837270942
7	Ms4a1	-4.31769528967318	0.001	0.01	1
7	Cox6a2	-4.35672351861056	0.002	0.006	1
7	C1qa	-4.86957384259303	0.001	0.015	0.0430504114649422
7	Emcn	-5.02301547408938	0.01	0.052	1.24619023088797e-20
7	Foxp3	-5.06144543322625	0	0.004	1
7	Plvap	-5.10589245285647	0.001	0.007	1
7	Fcer1a	-5.2166329905474	0	0.003	1
7	Kdr	-5.42670225983769	0.004	0.045	2.79953154674782e-17
7	Cd200r3	-5.48379896765308	0	0.004	1
7	Mcpt8	-5.56037798387949	0	0.002	1
7	Cd4	-5.62536952565363	0.002	0.047	1.93838402922412e-19
7	Clec10a	-6.06228401598188	0	0.011	0.00175311715358668
7	Lef1	-6.19627622057935	0.002	0.071	1.2882372413161e-33
7	Tnfrsf18	-6.28253516577454	0.001	0.06	5.29658282452078e-28
7	Nkg7	-6.51201460846979	0.008	0.17	3.60672905034245e-87
7	Ccl5	-6.6719728721385	0.019	0.18	8.09467360266616e-79
7	Gzma	-6.94461495013052	0.006	0.06	2.07784913350505e-25
7	Ccr6	-7.34649608776011	0	0.021	3.30525507266867e-09
7	Nphs2	-7.93300159048688	0	0.005	1
7	Tcf7	-8.31578892859611	0.001	0.092	1.20476787390207e-48
8	Ace	4.99015027707625	0.255	0.011	3.74506943315722e-281
8	Clec10a	3.28785401908012	0.098	0.006	4.00052566510789e-93
8	Cd209a	0.98341318404772	0.021	0.007	0.0244448917077478
8	Cox6a2	-1.86471053163764	0.004	0.006	1
8	C1qa	-1.95217857338599	0.02	0.014	1.0010059768652e-07
8	Foxp3	-2.1656571245552	0.002	0.004	1
8	Cd300c	-2.77358813400719	0.001	0.003	1
8	Ccr6	-3.06545479246885	0.006	0.021	0.000215105961516254
8	Plvap	-3.18212264509711	0.002	0.007	1
8	Tnfrsf18	-3.33907969749234	0.018	0.059	8.75851210469897e-21
8	Cd200r3	-3.38173066332395	0.002	0.004	1
8	Mki67	-3.6139421260237	0.006	0.033	1.45268933406372e-07
8	Lef1	-3.61942590190677	0.017	0.071	5.60759177806524e-24
8	Tcf7	-3.8309284193298	0.02	0.09	2.81882543391995e-34
8	Cd4	-3.97074663538851	0.008	0.046	6.63598854707394e-16
8	Cd8a	-4.26551044208485	0.01	0.052	7.68327228973498e-19
8	Cd79a	-4.34142442312822	0.005	0.015	0.000445434864288111
8	Ms4a1	-4.42369192203051	0.002	0.01	1
8	Nkg7	-4.46691250752869	0.041	0.169	4.6348376058658e-76
8	Aqp6	-4.53187001107915	0.003	0.042	2.82450761699889e-14
8	Slc12a3	-4.72726937194812	0.057	0.308	4.50903080728687e-138
8	Ccl5	-4.7550128325986	0.119	0.174	1.44283162979479e-79
8	Aqp2	-4.76786909836509	0.011	0.07	6.25184574737618e-21
8	Atp6v0d2	-4.83180918260782	0.005	0.082	4.1008527632986e-34
8	Gzma	-5.03671523899016	0.015	0.059	6.15286392929348e-21
8	Slc12a1	-5.11008746574691	0.022	0.108	2.12933356609703e-44
8	Fcer1a	-5.21206179756526	0	0.003	1
8	Hmx2	-5.27280430122244	0.004	0.048	1.0750429591955e-17
8	Il17re	-5.40458171177849	0.003	0.055	1.94976486069558e-22
8	Mcpt8	-5.55580679089735	0	0.002	1
8	Kdr	-5.56893773664218	0.005	0.045	1.64231147340284e-18
8	Trpv5	-5.68698434933794	0.002	0.038	1.00635124284172e-14
8	Emcn	-6.41496232934586	0.005	0.052	1.0440874634051e-21
8	Siglech	-6.5678802242119	0	0.005	1
8	Nphs2	-7.92843039750473	0	0.005	1
9	Aqp2	7.40312504614637	0.854	0.025	0
9	Trpv5	3.40037462613346	0.225	0.025	1.48081586405178e-153
9	Il17re	2.40945717317065	0.202	0.044	1.76030562541271e-82
9	Cd8a	-0.837916290956432	0.051	0.05	5.13259905089931e-06
9	Foxp3	-2.21709985792964	0.001	0.004	1
9	Mki67	-2.3144754278252	0.012	0.033	0.0165790091874571
9	Slc12a3	-2.73174907233669	0.167	0.301	1.22708646438305e-79
9	Atp6v0d2	-2.75240594962469	0.019	0.081	3.14091473734029e-18
9	Slc12a1	-2.89561532378168	0.051	0.106	8.32764279628279e-30
9	Hmx2	-3.65978103245617	0.009	0.048	8.05038778396916e-11
9	Cox6a2	-3.71914838575224	0.002	0.006	1
9	Cd300c	-3.91450027386967	0	0.003	1
9	Aqp6	-3.91659432614427	0.006	0.041	1.21925651147069e-10
9	Siglech	-3.99227397729149	0.001	0.005	1
9	Ms4a1	-4.21673795616645	0.001	0.01	1
9	Cd79a	-4.95714809525977	0.002	0.015	0.0131290511266315
9	Ace	-4.96079002289854	0.002	0.025	1.23137080180872e-06
9	Fcer1a	-5.15853924334822	0	0.003	1
9	Cd200r3	-5.42570522045389	0	0.004	1
9	Mcpt8	-5.50228423668031	0	0.002	1
9	Tnfrsf18	-5.6456427457154	0.002	0.06	2.40814880196139e-25
9	Emcn	-5.99766019420629	0.004	0.052	9.16542167067343e-20
9	Clec10a	-6.00419026878269	0	0.011	0.00313978203338451
9	Cd4	-6.57972237867313	0.001	0.047	1.91395712099587e-20
9	Cd209a	-6.60358540718071	0	0.008	0.127150241247363
9	Lef1	-6.78152371425803	0.001	0.071	3.08898018368179e-34
9	Tcf7	-7.0411474519628	0.002	0.091	1.22480619606552e-44
9	Plvap	-7.10206471612345	0	0.007	0.963117461319684
9	Ccr6	-7.28840234056092	0	0.021	9.74509234136259e-09
9	Kdr	-7.34367846528458	0.002	0.045	2.57113129157099e-19
9	Nphs2	-7.87490784328769	0	0.005	1
9	Ccl5	-8.28588083665864	0.016	0.179	4.02762691391326e-80
9	Nkg7	-8.65185637906928	0.003	0.17	2.14065759540724e-91
9	Gzma	-9.50818084559094	0.002	0.06	2.03768366684776e-27
9	C1qa	-9.58471055603452	0	0.015	3.67708355413835e-05
